43.4492
47.5193
45.7914
44.6692
41.1717
44.8775
67.185
47.989
51.2991
67.7272
44.4381
40.7294
45.5803
44.6828
47.9323
43.9483
74.1682
47.4145
64.772
41.5172
51.9494
47.7775
44.6829
48.2298
54.3748
45.2626
40.0882
41.7837
72.251
56.3764
42.525
56.6713
42.3373
44.6648
68.299
71.3141
52.4587
48.1399
54.3959
45.5101
66.3394
60.7692
40.5133
41.8426
58.029
58.665
40.1946
51.4597
54.6202
41.5392
43.4269
59.2853
81.6163
45.6043
54.4494
44.2668
48.0511
49.2919
57.2278
57.4012
43.4615
43.7642
47.7865
53.1402
47.0015
44.8961
43.2008
58.3275
44.2003
42.5966
73.6301
49.3726
41.9154
42.9515
59.2983
55.011
53.1996
46.4371
81.5787
40.5604
41.2106
49.8577
47.922
42.0166
52.4192
43.0792
52.2374
40.849
53.636
46.4605
70.2546
50.7136
41.3974
56.9778
49.2535
58.3661
66.3644
66.1002
44.5594
42.3439
49.4922
55.2668
48.7919
54.8281
41.7853
56.5176
41.9554
42.0748
53.3961
41.8606
41.98
53.1517
42.0498
54.6848
46.0527
47.1825
42.4572
40.7092
41.3261
47.1312
56.2678
63.6428
52.2575
50.3164
42.6976
50.281
47.9865
63.3106
50.4096
114.994
47.8423
59.0256
45.2594
44.6751
48.4874
62.0388
71.4171
43.3608
42.7363
40.4325
63.0594
48.3225
43.3302
43.4079
45.251
44.3003
43.4947
40.5729
49.1322
40.2922
44.2033
42.3636
110.769
43.6208
40.717
43.6861
42.9441
45.3252
72.4395
65.5733
40.3886
41.6755
69.3584
69.9688
57.0659
67.3947
41.0484
52.7019
40.5695
54.7471
48.6318
54.6083
62.5964
64.6109
63.3115
72.5808
45.3292
41.7591
47.5408
50.6218
55.285
69.472
52.3853
56.6885
40.3075
42.1782
